﻿"Dato";"Kumulativt antall";"Nye tilfeller"
"21.02.2020";1;1
"22.02.2020";1;0
"23.02.2020";1;0
"24.02.2020";1;0
"25.02.2020";1;0
"26.02.2020";4;3
"27.02.2020";6;2
"28.02.2020";15;9
"29.02.2020";21;6
"01.03.2020";31;10
"02.03.2020";43;12
"03.03.2020";74;31
"04.03.2020";107;33
"05.03.2020";140;33
"06.03.2020";164;24
"07.03.2020";184;20
"08.03.2020";249;65
"09.03.2020";496;247
"10.03.2020";737;241
"11.03.2020";913;176
"12.03.2020";1119;206
"13.03.2020";1266;147
"14.03.2020";1366;100
"15.03.2020";1465;99
"16.03.2020";1645;180
"17.03.2020";1821;176
"18.03.2020";2034;213
"19.03.2020";2273;239
"20.03.2020";2581;308
"21.03.2020";2755;174
"22.03.2020";2903;148
"23.03.2020";3199;296
"24.03.2020";3512;313
"25.03.2020";3804;292
"26.03.2020";4102;298
"27.03.2020";4364;262
"28.03.2020";4530;166
"29.03.2020";4636;106
"30.03.2020";4900;264
"31.03.2020";5108;208
"01.04.2020";5306;198
"02.04.2020";5504;198
"03.04.2020";5668;164
"04.04.2020";5756;88
"05.04.2020";5828;72
"06.04.2020";5987;159
"07.04.2020";6127;140
"08.04.2020";6233;106
"09.04.2020";6336;103
"10.04.2020";6404;68
"11.04.2020";6514;110
"12.04.2020";6590;76
"13.04.2020";6667;77
"14.04.2020";6789;122
"15.04.2020";6892;103
"16.04.2020";6972;80
"17.04.2020";7080;108
"18.04.2020";7129;49
"19.04.2020";7165;36
"20.04.2020";7249;84
"21.04.2020";7327;78
"22.04.2020";7404;77
"23.04.2020";7473;69
"24.04.2020";7526;53
"25.04.2020";7551;25
"26.04.2020";7588;37
"27.04.2020";7659;71
"28.04.2020";7709;50
"29.04.2020";7748;39
"30.04.2020";7787;39
"01.05.2020";7830;43
"02.05.2020";7853;23
"03.05.2020";7897;44
"04.05.2020";7942;45
"05.05.2020";7985;43
"06.05.2020";8024;39
"07.05.2020";8053;29
"08.05.2020";8095;42
"09.05.2020";8106;11
"10.05.2020";8118;12
"11.05.2020";8143;25
"12.05.2020";8162;19
"13.05.2020";8181;19
"14.05.2020";8205;24
"15.05.2020";8228;23
"16.05.2020";8241;13
"17.05.2020";8245;4
"18.05.2020";8262;17
"19.05.2020";8282;20
"20.05.2020";8301;19
"21.05.2020";8315;14
"22.05.2020";8341;26
"23.05.2020";8347;6
"24.05.2020";8353;6
"25.05.2020";8371;18
"26.05.2020";8383;12
"27.05.2020";8401;18
"28.05.2020";8417;16
"29.05.2020";8433;16
"30.05.2020";8433;0
"31.05.2020";8439;6
"01.06.2020";8446;7
"02.06.2020";8477;31
"03.06.2020";8489;12
"04.06.2020";8506;17
"05.06.2020";8536;30
"06.06.2020";8544;8
"07.06.2020";8553;9
"08.06.2020";8571;18
"09.06.2020";8584;13
"10.06.2020";8598;14
"11.06.2020";8609;11
"12.06.2020";8622;13
"13.06.2020";8629;7
"14.06.2020";8635;6
"15.06.2020";8653;18
"16.06.2020";8689;36
"17.06.2020";8704;15
"18.06.2020";8717;13
"19.06.2020";8735;18
"20.06.2020";8741;6
"21.06.2020";8745;4
"22.06.2020";8773;28
"23.06.2020";8786;13
"24.06.2020";8807;21
"25.06.2020";8824;17
"26.06.2020";8846;22
"27.06.2020";8856;10
"28.06.2020";8857;1
"29.06.2020";8883;26
"30.06.2020";8894;11
"01.07.2020";8902;8
"02.07.2020";8911;9
"03.07.2020";8921;10
"04.07.2020";8923;2
"05.07.2020";8924;1
"06.07.2020";8938;14
"07.07.2020";8948;10
"08.07.2020";8959;11
"09.07.2020";8967;8
"10.07.2020";8980;13
"11.07.2020";8984;4
"12.07.2020";8989;5
"13.07.2020";9008;19
"14.07.2020";9016;8
"15.07.2020";9022;6
"16.07.2020";9026;4
"17.07.2020";9038;12
"18.07.2020";9039;1
"19.07.2020";9042;3
"20.07.2020";9063;21
"21.07.2020";9069;6
"22.07.2020";9091;22
"23.07.2020";9097;6
"24.07.2020";9121;24
"25.07.2020";9127;6
"26.07.2020";9136;9
"27.07.2020";9160;24
"28.07.2020";9176;16
"29.07.2020";9213;37
"30.07.2020";9236;23
"31.07.2020";9308;72
"01.08.2020";9322;14
"02.08.2020";9335;13
"03.08.2020";9373;38
"04.08.2020";9413;40
"05.08.2020";9479;66
"06.08.2020";9558;79
"07.08.2020";9638;80
"08.08.2020";9673;35
"09.08.2020";9707;34
"10.08.2020";9770;63
"11.08.2020";9813;43
"12.08.2020";9876;63
"13.08.2020";9930;54
"14.08.2020";10006;76
"15.08.2020";10050;44
"16.08.2020";10077;27
"17.08.2020";10151;74
"18.08.2020";10209;58
"19.08.2020";10269;60
"20.08.2020";10319;50
"21.08.2020";10372;53
"22.08.2020";10417;45
"23.08.2020";10436;19
"24.08.2020";10503;67
"25.08.2020";10545;42
"26.08.2020";10585;40
"27.08.2020";10637;52
"28.08.2020";10721;84
"29.08.2020";10763;42
"30.08.2020";10813;50
"31.08.2020";10961;148
"01.09.2020";11076;115
"02.09.2020";11177;101
"03.09.2020";11302;125
"04.09.2020";11421;119
"05.09.2020";11494;73
"06.09.2020";11554;60
"07.09.2020";11686;132
"08.09.2020";11799;113
"09.09.2020";11923;124
"10.09.2020";12055;132
"11.09.2020";12174;119
"12.09.2020";12241;67
"13.09.2020";12319;78
"14.09.2020";12423;104
"15.09.2020";12555;132
"16.09.2020";12692;137
"17.09.2020";12809;117
"18.09.2020";12903;94
"19.09.2020";12961;58
"20.09.2020";13038;77
"21.09.2020";13201;163
"22.09.2020";13302;101
"23.09.2020";13445;143
"24.09.2020";13578;133
"25.09.2020";13708;130
"26.09.2020";13771;63
"27.09.2020";13825;54
"28.09.2020";13949;124
"29.09.2020";14059;110
"30.09.2020";14179;120
"01.10.2020";14310;131
"02.10.2020";14444;134
"03.10.2020";14554;110
"04.10.2020";14643;89
"05.10.2020";14852;209
"06.10.2020";15050;198
"07.10.2020";15249;199
"08.10.2020";15417;168
"09.10.2020";15558;141
"10.10.2020";15623;65
"11.10.2020";15701;78
"12.10.2020";15867;166
"13.10.2020";16022;155
"14.10.2020";16184;162
"15.10.2020";16325;141
"16.10.2020";16462;137
"17.10.2020";16550;88
"18.10.2020";16643;93
"19.10.2020";16862;219
"20.10.2020";17045;183
"21.10.2020";17266;221
"22.10.2020";17551;285
"23.10.2020";17919;368
"24.10.2020";18150;231
"25.10.2020";18352;202
"26.10.2020";18839;487
"27.10.2020";19230;391
"28.10.2020";19744;514
"29.10.2020";20175;431
"30.10.2020";20791;616
"31.10.2020";21176;385
"01.11.2020";21499;323
"02.11.2020";22146;647
"03.11.2020";22828;682
"04.11.2020";23518;690
"05.11.2020";24120;602
"06.11.2020";24770;650
"07.11.2020";25158;388
"08.11.2020";25543;385
"09.11.2020";26249;706
"10.11.2020";26852;603
"11.11.2020";27514;662
"12.11.2020";28151;637
"13.11.2020";28848;697
"14.11.2020";29227;379
"15.11.2020";29632;405
"16.11.2020";30352;720
"17.11.2020";30987;635
"18.11.2020";31639;652
"19.11.2020";32203;564
"20.11.2020";32722;519
"21.11.2020";33010;288
"22.11.2020";33289;279
"23.11.2020";33897;608
"24.11.2020";34310;413
"25.11.2020";34823;513
"26.11.2020";35300;477
"27.11.2020";35747;447
"28.11.2020";35983;236
"29.11.2020";36211;228
"30.11.2020";36659;448
"01.12.2020";37021;362
"02.12.2020";37441;420
"03.12.2020";37841;400
"04.12.2020";38222;381
"05.12.2020";38474;252
"06.12.2020";38736;262
"07.12.2020";39236;500
"08.12.2020";39628;392
"09.12.2020";40081;453
"10.12.2020";40516;435
"11.12.2020";40919;403
"12.12.2020";41175;256
"13.12.2020";41460;285
"14.12.2020";42004;544
"15.12.2020";42444;440
"16.12.2020";42894;450
"17.12.2020";43325;431
"18.12.2020";43800;475
"19.12.2020";44109;309
"20.12.2020";44408;299
"21.12.2020";45029;621
"22.12.2020";45589;560
"23.12.2020";46175;586
"24.12.2020";46467;292
"25.12.2020";46760;293
"26.12.2020";47226;466
"27.12.2020";47650;424
"28.12.2020";48428;778
"29.12.2020";49127;699
"30.12.2020";49766;639
"31.12.2020";50200;434
"01.01.2021";50545;345
"02.01.2021";51070;525
"03.01.2021";51514;444
"04.01.2021";52451;937
"05.01.2021";53239;788
"06.01.2021";53948;709
"07.01.2021";54684;736
"08.01.2021";55334;650
"09.01.2021";55748;414
"10.01.2021";56183;435
"11.01.2021";56821;638
"12.01.2021";57383;562
"13.01.2021";57844;461
"14.01.2021";58298;454
"15.01.2021";58695;397
"16.01.2021";58962;267
"17.01.2021";59188;226
"18.01.2021";59634;446
"19.01.2021";59976;342
"20.01.2021";60330;354
"21.01.2021";60675;345
"22.01.2021";61005;330
"23.01.2021";61218;213
"24.01.2021";61407;189
"25.01.2021";61794;387
"26.01.2021";62070;276
"27.01.2021";62414;344
"28.01.2021";62699;285
"29.01.2021";62994;295
"30.01.2021";63169;175
"31.01.2021";63351;182
"01.02.2021";63670;319
"02.02.2021";63964;294
"03.02.2021";64289;325
"04.02.2021";64542;253
"05.02.2021";64830;288
"06.02.2021";65028;198
"07.02.2021";65195;167
"08.02.2021";65496;301
"09.02.2021";65766;270
"10.02.2021";66076;310
"11.02.2021";66338;262
"12.02.2021";66585;247
"13.02.2021";66769;184
"14.02.2021";66929;160
"15.02.2021";67261;332
"16.02.2021";67566;305
"17.02.2021";67886;320
"18.02.2021";68187;301
"19.02.2021";68525;338
"20.02.2021";68740;215
"21.02.2021";68961;221
"22.02.2021";69371;410
"23.02.2021";69816;445
"24.02.2021";70277;461
"25.02.2021";70803;526
"26.02.2021";71296;493
"27.02.2021";71677;381
"28.02.2021";72068;391
"01.03.2021";72619;551
"02.03.2021";73256;637
"03.03.2021";73915;659
"04.03.2021";74516;601
"05.03.2021";75219;703
"06.03.2021";75684;465
"07.03.2021";76256;572
"08.03.2021";77101;845
"09.03.2021";77900;799
"10.03.2021";78754;854
"11.03.2021";79536;782
"12.03.2021";80486;950
"13.03.2021";81222;736
"14.03.2021";81920;698
"15.03.2021";83026;1106
"16.03.2021";84033;1007
"17.03.2021";85092;1059
"18.03.2021";86136;1044
"19.03.2021";87136;1000
"20.03.2021";87846;710
"21.03.2021";88495;649
"22.03.2021";89602;1107
"23.03.2021";90568;966
"24.03.2021";91569;1001
"25.03.2021";92440;871
"26.03.2021";93335;895
"27.03.2021";93937;602
"28.03.2021";94414;477
"29.03.2021";95279;865
"30.03.2021";96128;849
"31.03.2021";96933;805
"01.04.2021";97557;624
"02.04.2021";98256;699
"03.04.2021";98868;612
"04.04.2021";99521;653
"05.04.2021";100237;716
"06.04.2021";101125;888
"07.04.2021";101973;848
"08.04.2021";102741;768
"09.04.2021";103453;712
"10.04.2021";103949;496
"11.04.2021";104344;395
"12.04.2021";105082;738
"13.04.2021";105676;594
"14.04.2021";106277;601
"15.04.2021";106826;549
"16.04.2021";107405;579
"17.04.2021";107736;331
"18.04.2021";108081;345
"19.04.2021";108656;575
"20.04.2021";109188;532
"21.04.2021";109726;538
"22.04.2021";110189;463
"23.04.2021";110698;509
"24.04.2021";110985;287
"25.04.2021";111302;317
"26.04.2021";111804;502
"27.04.2021";112285;481
"28.04.2021";112704;419
"29.04.2021";113118;414
"30.04.2021";113559;441
"01.05.2021";113810;251
"02.05.2021";114106;296
"03.05.2021";114617;511
"04.05.2021";115080;463
"05.05.2021";115574;494
"06.05.2021";116083;509
"07.05.2021";116521;438
"08.05.2021";116873;352
"09.05.2021";117224;351
"10.05.2021";117747;523
"11.05.2021";118174;427
"12.05.2021";118553;379
"13.05.2021";118851;298
"14.05.2021";119266;415
"15.05.2021";119506;240
"16.05.2021";119784;278
"17.05.2021";119967;183
"18.05.2021";120509;542
"19.05.2021";121050;541
"20.05.2021";121653;603
"21.05.2021";122321;668
"22.05.2021";122673;352
"23.05.2021";123011;338
"24.05.2021";123394;383
"25.05.2021";123821;427
"26.05.2021";124184;363
"27.05.2021";124568;384
"28.05.2021";124915;347
"29.05.2021";125114;199
"30.05.2021";125299;185
"31.05.2021";125643;344
"01.06.2021";126030;387
"02.06.2021";126323;293
"03.06.2021";126605;282
"04.06.2021";126867;262
"05.06.2021";127012;145
"06.06.2021";127162;150
"07.06.2021";127365;203
"08.06.2021";127580;215
"09.06.2021";127787;207
"10.06.2021";127989;202
"11.06.2021";128143;154
"12.06.2021";128272;129
"13.06.2021";128383;111
"14.06.2021";128590;207
"15.06.2021";128784;194
"16.06.2021";128999;215
"17.06.2021";129196;197
"18.06.2021";129368;172
"19.06.2021";129521;153
"20.06.2021";129636;115
"21.06.2021";129841;205
"22.06.2021";130107;266
"23.06.2021";130347;240
"24.06.2021";130521;174
"25.06.2021";130696;175
"26.06.2021";130802;106
"27.06.2021";130909;107
"28.06.2021";131135;226
"29.06.2021";131348;213
"30.06.2021";131609;261
"01.07.2021";131806;197
"02.07.2021";131992;186
"03.07.2021";132091;99
"04.07.2021";132214;123
"05.07.2021";132421;207
"06.07.2021";132621;200
"07.07.2021";132825;204
"08.07.2021";133008;183
"09.07.2021";133183;175
"10.07.2021";133291;108
"11.07.2021";133392;101
"12.07.2021";133579;187
"13.07.2021";133725;146
"14.07.2021";133908;183
"15.07.2021";134094;186
"16.07.2021";134320;226
"17.07.2021";134431;111
"18.07.2021";134574;143
"19.07.2021";134803;229
"20.07.2021";134977;174
"21.07.2021";135237;260
"22.07.2021";135452;215
"23.07.2021";135703;251
"24.07.2021";135878;175
"25.07.2021";136077;199
"26.07.2021";136392;315
"27.07.2021";136741;349
"28.07.2021";137163;422
"29.07.2021";137509;346
"30.07.2021";137861;352
"31.07.2021";138109;248
"01.08.2021";138349;240
"02.08.2021";138804;455
"03.08.2021";139250;446
"04.08.2021";139749;499
"05.08.2021";140210;461
"06.08.2021";140687;477
"07.08.2021";141010;323
"08.08.2021";141340;330
"09.08.2021";142008;668
"10.08.2021";142584;576
"11.08.2021";143193;609
"12.08.2021";143732;539
"13.08.2021";144276;544
"14.08.2021";144710;434
"15.08.2021";145085;375
"16.08.2021";145710;625
"17.08.2021";146347;637
"18.08.2021";147035;688
"19.08.2021";147703;668
"20.08.2021";148443;740
"21.08.2021";149035;592
"22.08.2021";149589;554
"23.08.2021";150768;1179
"24.08.2021";152103;1335
"25.08.2021";153518;1415
"26.08.2021";154910;1392
"27.08.2021";156341;1431
"28.08.2021";157340;999
"29.08.2021";158295;955
"30.08.2021";160142;1847
"31.08.2021";161757;1615
"01.09.2021";163367;1610
"02.09.2021";164888;1521
"03.09.2021";166430;1542
"04.09.2021";167422;992
"05.09.2021";168375;953
"06.09.2021";170155;1780
"07.09.2021";171588;1433
"08.09.2021";172865;1277
"09.09.2021";173344;479